
[1] "The taxa modelled are:"
 [1] "Ash"            "Beech"          "Birch"          "Chestnut"       "Hemlock"        "Hickory"        "Maple"         
 [8] "Oak"            "Other conifer"  "Other hardwood" "Pine"           "Spruce"         "Tamarack"      

[1] "Summary of posterior parameter vals:"
                   mean      2.5%         50%       97.5%    n_eff     Rhat
phi[1]       66.1954648  0.000000  67.4284000  92.4843000 28.47959 1.028200
phi[2]       26.9151477  0.000000  27.7665000  35.0404225 25.59061 1.040942
phi[3]      178.3113695  0.000000 186.0615000 213.2407000 22.16469 1.045729
phi[4]       52.4112128  0.000000  53.6759000  73.0714200 28.36915 1.028887
phi[5]       59.7606465  0.000000  62.2925500  71.8080775 23.03996 1.046996
phi[6]       52.4482355  0.000000  54.3686500  67.0155025 25.61872 1.039636
phi[7]       21.2820951  0.000000  21.8420000  29.3209500 29.24251 1.033707
phi[8]       47.6256064  0.000000  49.6714500  56.8773925 22.58860 1.045955
phi[9]       17.1385035  0.000000  17.6543000  24.5558175 33.40929 1.030441
phi[10]     120.7167984  0.000000 125.3555000 155.8093250 25.76410 1.034937
phi[11]     122.8134227  0.000000 126.9870000 158.7452250 25.42163 1.039575
phi[12]      27.3907267  0.000000  28.4804000  34.0857775 24.14826 1.040351
phi[13]     148.9323186  0.000000 151.6285000 231.7572750 42.17816 1.024147
gamma         0.1151929  0.000000   0.1199005   0.1464357 26.13960 1.037029
log_psi[1]   -1.0644073 -1.579641  -1.1274150   0.0000000 48.82440 1.026876
log_psi[2]   -1.1525048 -1.495197  -1.2241850   0.0000000 30.15537 1.031169
log_psi[3]   -1.2213689 -1.459665  -1.2806100   0.0000000 23.33680 1.043523
log_psi[4]   -1.1469704 -1.591732  -1.2198450   0.0000000 40.51300 1.036832
log_psi[5]   -1.6281019 -1.919331  -1.7088300   0.0000000 22.44419 1.042548
log_psi[6]   -1.3983246 -1.715566  -1.4617850   0.0000000 23.79886 1.042667
log_psi[7]   -0.8986065 -1.415461  -0.9718735   0.0000000 66.97992 1.014229
log_psi[8]   -1.5391482 -1.808322  -1.6171300   0.0000000 22.45314 1.046650
log_psi[9]   -1.0104929 -1.382187  -1.0705950   0.0000000 36.20807 1.035017
log_psi[10]  -0.6738107 -1.118564  -0.7227730   0.0000000 75.88466 1.022213
log_psi[11]  -1.0349637 -1.350081  -1.0860400   0.0000000 28.91233 1.038862
log_psi[12]  -1.2257390 -1.491630  -1.2896250   0.0000000 24.66607 1.044915
log_psi[13]  -1.3329386 -1.779311  -1.3950300   0.0000000 30.79038 1.033104
mu_psi       -1.1811439 -1.472350  -1.2369200   0.0000000 25.30124 1.046977
sigma_psi     0.3465870  0.000000   0.3327265   0.6838043 68.35410 1.010531

[1] "WAIC:"
$waic
[1] 15936.7

$p_waic
[1] 7633.179

$lppd
[1] -335.1728

$p_waic_1
[1] 7441.74

[1] "AIC:"
[1] 728.3456

[1] "Log likelihood"
$log_lik
      log_lik
1   -3.047026
2   -3.047026
3   -3.047026
4   -3.047026
5   -3.047026
6   -3.047026
7   -3.047026
8   -3.047026
9   -3.047026
10  -3.047026
11  -3.047026
12  -3.047026
13  -3.047026
14  -3.047026
15  -3.047026
16  -3.047026
17  -3.047026
18  -3.047026
19  -3.047026
20  -3.047026
21  -3.047026
22  -3.047026
23  -3.047026
24  -3.047026
25  -3.047026
26  -3.047026
27  -3.047026
28  -3.047026
29  -3.047026
30  -3.047026
31  -3.047026
32  -3.047026
33  -3.047026
34  -3.047026
35  -3.047026
36  -3.047026
37  -3.047026
38  -3.047026
39  -3.047026
40  -3.047026
41  -3.047026
42  -3.047026
43  -3.047026
44  -3.047026
45  -3.047026
46  -3.047026
47  -3.047026
48  -3.047026
49  -3.047026
50  -3.047026
51  -3.047026
52  -3.047026
53  -3.047026
54  -3.047026
55  -3.047026
56  -3.047026
57  -3.047026
58  -3.047026
59  -3.047026
60  -3.047026
61  -3.047026
62  -3.047026
63  -3.047026
64  -3.047026
65  -3.047026
66  -3.047026
67  -3.047026
68  -3.047026
69  -3.047026
70  -3.047026
71  -3.047026
72  -3.047026
73  -3.047026
74  -3.047026
75  -3.047026
76  -3.047026
77  -3.047026
78  -3.047026
79  -3.047026
80  -3.047026
81  -3.047026
82  -3.047026
83  -3.047026
84  -3.047026
85  -3.047026
86  -3.047026
87  -3.047026
88  -3.047026
89  -3.047026
90  -3.047026
91  -3.047026
92  -3.047026
93  -3.047026
94  -3.047026
95  -3.047026
96  -3.047026
97  -3.047026
98  -3.047026
99  -3.047026
100 -3.047026
101 -3.047026
102 -3.047026
103 -3.047026
104 -3.047026
105 -3.047026
106 -3.047026
107 -3.047026
108 -3.047026
109 -3.047026
110 -3.047026

$log_lik_iter
     log_lik_iter
1       -4253.680
2       -4256.211
3       -4254.202
4       -4254.196
5       -4258.305
6       -4260.738
7       -4258.399
8           0.000
9       -4259.128
10      -4257.789
11      -4255.296
12      -4258.646
13      -4265.221
14      -4252.801
15      -4259.298
16      -4252.377
17      -4251.993
18      -4255.231
19      -4263.649
20      -4252.594
21      -4263.747
22      -4257.104
23      -4259.561
24      -4256.180
25      -4264.377
26      -4259.014
27      -4261.134
28      -4259.648
29      -4256.091
30      -4257.033
31      -4262.480
32      -4254.100
33      -4258.834
34      -4258.872
35      -4255.043
36      -4257.876
37      -4257.286
38      -4261.545
39          0.000
40      -4257.863
41      -4255.272
42      -4258.402
43      -4262.314
44      -4253.525
45          0.000
46      -4272.421
47          0.000
48      -4255.953
49      -4260.863
50          0.000
51      -4259.368
52      -4258.150
53      -4254.632
54      -4260.983
55      -4262.230
56      -4258.505
57      -4262.556
58      -4261.705
59          0.000
60      -4267.241
61      -4257.130
62      -4263.800
63      -4254.724
64      -4258.756
65      -4258.975
66      -4258.011
67      -4259.791
68      -4256.574
69      -4257.917
70      -4255.340
71      -4253.920
72      -4262.022
73      -4254.852
74      -4254.232
75      -4276.228
76      -4262.002
77      -4262.987
78      -4250.460
79      -4260.345
80      -4261.199
81      -4254.178
82      -4257.289
83      -4257.699
84          0.000
85      -4253.863
86      -4256.004
87      -4256.046
88      -4260.779
89      -4257.814
90      -4253.385
91      -4259.141
92      -4254.895
93      -4253.770
94      -4255.134
95      -4258.941
96      -4257.247
97      -4260.686
98      -4254.193
99          0.000
100     -4255.590
101     -4255.251
102     -4259.642
103     -4256.103
104     -4256.886
105     -4260.271
106     -4261.420
107     -4260.295
108     -4260.955
109     -4253.972
110     -4259.322
111     -4261.512
112     -4255.940
113     -4259.229
114     -4252.291
115     -4259.683
116     -4251.810
117     -4258.319
118     -4256.333
119     -4256.355
120     -4263.651
121     -4265.633
122     -4255.950
123     -4263.887
124     -4256.285
125     -4252.894
126     -4255.213
127     -4254.204
128     -4256.284
129     -4258.370
130     -4254.083
131     -4256.142
132     -4272.626
133     -4252.039
134     -4259.037
135     -4254.539
136     -4269.490
137     -4259.538
138     -4255.573
139         0.000
140     -4255.473
141     -4252.963
142     -4263.596
143     -4260.643
144     -4257.520
145     -4254.531
146     -4260.924
147     -4255.181
148     -4254.793
149     -4260.529
150     -4260.343
151     -4261.637
152     -4257.574
153     -4254.680
154     -4253.117
155     -4256.327
156     -4255.333
157     -4255.146
158     -4258.292
159     -4261.200
160     -4254.636
161     -4261.493
162     -4253.935
163     -4255.978
164     -4261.527
165     -4253.027
166     -4258.675
167     -4255.945
168     -4259.082
169     -4255.117
170     -4261.045
171     -4255.150
172     -4256.330
173     -4255.827
174     -4254.604
175     -4251.400
176     -4258.703
177     -4258.412
178         0.000
179     -4251.690
180     -4253.655
181         0.000
182     -4260.140
183     -4256.116
184     -4257.978
185         0.000
186     -4256.702
187     -4260.112
188     -4256.425
189     -4259.369
190     -4258.830
191     -4260.897
192     -4266.596
193     -4254.106
194     -4259.728
195     -4252.005
196     -4257.393
197     -4258.559
198         0.000
199     -4256.353
200     -4258.719
201     -4261.824
202     -4259.649
203     -4256.647
204     -4260.636
205     -4267.173
206     -4257.251
207     -4251.781
208     -4260.753
209     -4262.259
210     -4255.002
211     -4254.866
212     -4257.522
213     -4256.011
214     -4253.873
215     -4256.515
216     -4263.391
217     -4254.594
218     -4264.453
219     -4262.052
220     -4261.997
221     -4259.388
222     -4260.132
223     -4260.030
224     -4261.587
225     -4255.979
226     -4259.953
227     -4261.018
228     -4255.422
229     -4266.166
230     -4257.506
231     -4254.649
232         0.000
233     -4256.064
234     -4260.249
235     -4256.088
236     -4255.018
237     -4254.927
238     -4255.882
239     -4256.436
240     -4257.115
241     -4255.766
242     -4258.084
243     -4258.935
244     -4255.830
245     -4254.778
246     -4257.472
247     -4257.152
248         0.000
249     -4260.031
250     -4259.807
251     -4255.798
252     -4266.546
253     -4257.311
254     -4252.757
255     -4263.906
256         0.000
257     -4258.596
258     -4258.497
259     -4251.780
260     -4259.001
261     -4258.450
262     -4257.902
263     -4258.105
264     -4262.796
265     -4257.190
266     -4252.537
267     -4256.472
268     -4254.392
269     -4258.674
270     -4264.608
271     -4260.964
272     -4257.354
273     -4256.674
274     -4265.939
275     -4255.158
276     -4258.659
277     -4262.895
278         0.000
279     -4256.121
280     -4261.613
281     -4258.107
282     -4261.042
283     -4257.718
284     -4255.169
285     -4270.487
286     -4253.172
287     -4256.518
288     -4262.991
289     -4258.194
290     -4257.410
291     -4259.423
292     -4255.335
293     -4255.655
294     -4256.561
295     -4259.835
296     -4255.702
297     -4254.319
298     -4255.060
299     -4258.891
300     -4257.905
301     -4260.655
302     -4257.417
303     -4255.332
304         0.000
305     -4252.664
306     -4255.882
307     -4258.270
308     -4259.122
309     -4266.474
310     -4251.852
311     -4259.031
312     -4262.843
313     -4257.472
314     -4258.363
315     -4257.692
316     -4254.080
317     -4263.999
318     -4257.349
319     -4258.336
320     -4259.140
321     -4255.791
322     -4259.822
323     -4255.794
324     -4254.564
325     -4259.931
326         0.000
327     -4265.078
328     -4272.980
329     -4252.838
330     -4257.274
331     -4258.557
332     -4259.851
333     -4258.746
334         0.000
335     -4258.400
336     -4254.321
337     -4264.050
338     -4260.305
339     -4258.332
340     -4259.297
341     -4261.338
342     -4252.540
343     -4256.680
344     -4256.058
345     -4260.680
346     -4259.913
347     -4256.777
348     -4257.515
349     -4258.145
350         0.000
351     -4254.883
352     -4256.189
353     -4255.375
354     -4260.632
355     -4257.286
356     -4255.560
357     -4259.525
358     -4255.879
359     -4262.466
360     -4264.449
361     -4259.507
362     -4253.715
363     -4258.921
364     -4261.908
365     -4256.686
366     -4251.156
367     -4258.364
368     -4262.534
369         0.000
370     -4256.980
371     -4255.586
372     -4259.515
373     -4260.855
374     -4261.008
375     -4258.207
376     -4256.547
377     -4255.671
378     -4253.450
379     -4260.698
380     -4258.614
381     -4256.394
382     -4259.838
383     -4257.927
384     -4260.772
385     -4258.198
386     -4264.732
387     -4256.182
388         0.000
389     -4257.881
390     -4254.047
391     -4258.630
392     -4259.682
393     -4256.302
394     -4258.570
395     -4257.704
396     -4260.072
397     -4256.908
398     -4256.212
399     -4263.715
400     -4261.038
401     -4256.528
402     -4257.457
403     -4260.851
404     -4265.654
405     -4252.096
406     -4251.776
407     -4254.994
408     -4258.323
409     -4256.374
410     -4254.020
411     -4254.309
412     -4259.984
413     -4257.709
414     -4254.088
415     -4257.141
416     -4257.896
417     -4253.208
418     -4258.450
419     -4263.343
420     -4258.900
421     -4258.904
422     -4258.457
423     -4264.540
424     -4253.356
425     -4262.645
426     -4255.049
427     -4257.362
428     -4257.297
429     -4260.552
430     -4263.937
431     -4263.549
432     -4254.084
433     -4265.315
434     -4260.182
435     -4266.938
436     -4250.915
437     -4258.657
438     -4255.566
439     -4257.317
440     -4255.368
441     -4257.235
442     -4256.575
443     -4258.492
444     -4259.067
445     -4257.917
446     -4260.014
447     -4252.967
448     -4259.893
449     -4256.212
450     -4259.780
451     -4262.289
452     -4258.922
453     -4262.078
454     -4253.552
455     -4262.321
456     -4256.366
457     -4265.399
458     -4255.218
459     -4256.294
460     -4255.246
461     -4260.367
462     -4256.512
463     -4254.502
464     -4260.216
465     -4256.438
466     -4262.079
467     -4264.601
468     -4258.961
469     -4266.246
470     -4255.129
471     -4256.731
472     -4259.997
473     -4263.417
474     -4257.043
475         0.000
476     -4258.015
477     -4260.379
478     -4256.753
479     -4254.337
480     -4257.495
481     -4253.497
482     -4260.468
483         0.000
484     -4256.955
485     -4261.992
486         0.000
487     -4256.834
488     -4257.270
489     -4257.833
490     -4261.693
491     -4256.855
492     -4258.259
493         0.000
494     -4264.298
495     -4261.406
496     -4262.257
497     -4255.733
498     -4259.152
499     -4260.000
500     -4260.352
501     -4257.071
502     -4255.131
503     -4258.220
504     -4265.600
505     -4262.948
506     -4257.366
507     -4260.161
508     -4260.709
509     -4259.410
510     -4256.466
511     -4259.679
512     -4255.977
513     -4262.987
514         0.000
515     -4250.012
516     -4262.660
517     -4260.017
518     -4269.732
519     -4259.775
520     -4255.384
521     -4258.405
522     -4252.855
523     -4260.601
524     -4255.991
525     -4261.738
526     -4261.579
527     -4261.111
528     -4256.604
529     -4256.089
530     -4262.067
531     -4256.754
532     -4262.077
533         0.000
534     -4258.875
535     -4260.315
536     -4255.425
537     -4261.081
538     -4260.657
539     -4259.250
540     -4256.621
541     -4257.924
542     -4258.379
543     -4262.655
544     -4258.319
545     -4257.921
546         0.000
547     -4257.678
548     -4259.230
549     -4260.063
550     -4252.005
551     -4262.526
552     -4257.562
553     -4257.496
554     -4252.677
555     -4256.662
556     -4259.312
557     -4256.153
558     -4259.855
559     -4255.651
560     -4252.561
561     -4258.749
562     -4251.658
563     -4261.631
564     -4261.194
565     -4262.350
566     -4258.992
567     -4258.755
568     -4255.407
569     -4260.492
570     -4261.413
571     -4256.790
572     -4269.301
573     -4253.486
574     -4254.242
575     -4257.681
576     -4253.811
577     -4253.694
578     -4260.765
579     -4262.050
580     -4252.921
581     -4264.030
582     -4260.738
583     -4258.488
584     -4258.127
585     -4258.443
586         0.000
587     -4257.805
588     -4256.648
589     -4260.866
590     -4258.468
591     -4257.303
592     -4262.346
593     -4259.616
594     -4251.758
595     -4256.057
596     -4257.491
597     -4254.162
598     -4260.018
599     -4260.988
600     -4256.743
601         0.000
602         0.000
603     -4259.579
604     -4257.205
605     -4256.419
606     -4252.837
607     -4253.995
608     -4258.593
609     -4259.129
610     -4255.795
611     -4262.233
612     -4257.113
613     -4258.348
614     -4258.520
615     -4255.162
616         0.000
617     -4255.908
618     -4256.193
619     -4258.591
620     -4261.511
621     -4255.161
622     -4258.435
623     -4263.736
624     -4260.532
625     -4260.507
626     -4260.468
627     -4269.786
628     -4257.637
629     -4257.450
630     -4256.895
631     -4260.296
632     -4256.662
633     -4262.498
634     -4264.386
635     -4262.226
636     -4256.117
637     -4252.269
638     -4254.752
639     -4258.318
640     -4256.230
641     -4261.894
642     -4250.627
643     -4259.081
644     -4255.154
645     -4259.909
646     -4254.809
647     -4252.125
648     -4262.174
649     -4256.920
650     -4262.317
651     -4263.590
652     -4259.246
653     -4255.417
654     -4259.350
655     -4257.501
656     -4259.341
657     -4260.767
658     -4258.250
659     -4254.865
660     -4262.293
661     -4257.901
662     -4253.490
663     -4256.829
664     -4263.558
665     -4254.940
666     -4252.336
667     -4254.520
668     -4260.245
669     -4257.163
670     -4256.489
671     -4251.618
672     -4262.717
673     -4262.382
674     -4255.584
675     -4262.158
676     -4257.137
677     -4255.525
678     -4259.983
679     -4257.180
680     -4257.452
681     -4258.638
682         0.000
683     -4262.272
684         0.000
685         0.000
686     -4260.246
687     -4258.296
688     -4254.690
689     -4265.999
690     -4256.950
691     -4260.003
692     -4259.111
693     -4261.149
694     -4260.279
695     -4252.621
696         0.000
697     -4257.787
698     -4253.875
699     -4254.499
700     -4259.369
701     -4261.612
702     -4260.771
703     -4255.523
704     -4260.463
705     -4251.193
706     -4256.235
707     -4252.846
708     -4255.505
709     -4259.940
710     -4255.501
711     -4256.567
712     -4260.196
713     -4260.327
714     -4257.145
715     -4258.013
716     -4261.959
717     -4257.819
718     -4265.026
719     -4257.441
720     -4256.568
721     -4252.838
722     -4268.577
723     -4260.798
724     -4267.250
725     -4260.589
726     -4254.414
727     -4264.081
728     -4257.509
729     -4257.586
730     -4257.496
731     -4260.256
732     -4261.583
733     -4258.325
734     -4258.534
735     -4263.309
736     -4256.455
737     -4259.836
738     -4261.522
739     -4255.880
740     -4257.365
741     -4258.751
742     -4256.696
743     -4253.067
744     -4256.645
745     -4251.982
746     -4263.556
747     -4255.097
748     -4258.198
749     -4255.858
750     -4253.956
751         0.000
752     -4264.271
753         0.000
754     -4261.774
755     -4266.346
756     -4259.000
757     -4253.023
758     -4258.365
759     -4257.048
760     -4257.028
761     -4254.263
762     -4262.141
763     -4253.173
764     -4261.323
765     -4261.721
766     -4255.091
767     -4250.287
768     -4259.224
769         0.000
770         0.000
771     -4256.506
772     -4259.902
773     -4260.955
774     -4261.562
775     -4258.158
776     -4253.427
777     -4255.756
778     -4256.374
779     -4257.456
780     -4256.895
781     -4258.562
782     -4255.157
783     -4257.882
784     -4257.345
785     -4253.717
786     -4259.078
787     -4254.426
788     -4255.287
789     -4268.623
790     -4259.366
791     -4260.064
792     -4253.112
793     -4260.237
794     -4260.242
795     -4258.073
796     -4260.512
797     -4255.011
798     -4253.117
799     -4260.370
800     -4262.739
801     -4257.349
802     -4255.782
803     -4257.070
804     -4262.651
805     -4257.088
806     -4260.838
807     -4256.739
808         0.000
809     -4260.001
810     -4263.704
811     -4257.460
812     -4261.675
813     -4258.592
814     -4261.561
815     -4266.179
816     -4253.933
817     -4262.467
818     -4254.522
819     -4257.408
820     -4260.468
821     -4258.551
822     -4256.132
823     -4258.172
824     -4257.872
825     -4258.305
826     -4255.436
827     -4259.071
828     -4254.553
829     -4263.506
830     -4255.840
831     -4261.631
832     -4255.062
833     -4264.291
834     -4255.012
835     -4257.316
836     -4256.218
837     -4256.295
838     -4258.718
839     -4254.776
840     -4252.478
841     -4256.079
842     -4256.977
843     -4255.599
844         0.000
845     -4261.278
846     -4255.754
847     -4258.106
848     -4260.594
849     -4256.816
850     -4260.253
851     -4264.679
852     -4251.727
853     -4260.086
854     -4263.429
855     -4260.612
856     -4262.802
857     -4259.494
858     -4260.478
859     -4254.054
860     -4260.126
861     -4255.795
862     -4259.038
863     -4257.004
864     -4269.289
865     -4256.416
866     -4256.460
867     -4257.161
868     -4264.882
869     -4258.182
870     -4259.831
871     -4258.307
872     -4255.571
873     -4258.224
874     -4254.484
875         0.000
876     -4256.896
877     -4254.759
878     -4261.655
879     -4261.287
880     -4256.001
881     -4255.403
882     -4258.595
883     -4256.717
884     -4254.611
885     -4258.769
886     -4258.575
887     -4260.844
888     -4253.405
889     -4258.130
890     -4252.310
891     -4259.545
892     -4254.324
893     -4255.749
894     -4257.404
895     -4254.959
896         0.000
897     -4256.061
898     -4260.245
899     -4255.648
900     -4264.070
901         0.000
902     -4259.942
903     -4251.350
904     -4258.688
905     -4260.506
906     -4264.748
907     -4251.402
908     -4258.329
909     -4257.004
910     -4252.748
911     -4251.722
912     -4261.825
913     -4258.509
914     -4254.121
915     -4255.001
916     -4253.813
917     -4261.474
918     -4259.824
919     -4261.066
920     -4254.501
921     -4257.522
922     -4255.195
923     -4255.822
924     -4259.114
925     -4260.270
926         0.000
927     -4252.562
928     -4260.668
929     -4261.996
930     -4256.978
931     -4262.332
932     -4265.728
933     -4255.243
934     -4258.069
935     -4257.843
936     -4257.703
937     -4254.084
938     -4254.588
939     -4258.169
940     -4263.176
941     -4260.494
942     -4263.110
943     -4257.806
944     -4259.441
945     -4259.480
946     -4255.950
947     -4257.780
948     -4253.175
949     -4257.122
950     -4257.948
951     -4253.717
952     -4255.243
953     -4259.403
954     -4258.895
955     -4257.783
956     -4261.419
957     -4258.812
958     -4261.802
959     -4258.061
960     -4258.908
961     -4258.792
962     -4258.602
963     -4256.063
964         0.000
965     -4260.608
966     -4255.187
967     -4253.000
968     -4256.613
969     -4259.161
970     -4261.231
971     -4255.812
972     -4253.041
973     -4256.301
974     -4264.006
975     -4257.940
976     -4263.090
977     -4256.814
978     -4258.648
979     -4258.377
980     -4253.313
981     -4257.198
982     -4257.282
983         0.000
984         0.000
985     -4261.467
986         0.000
987     -4260.606
988     -4257.617
989     -4256.704
990     -4264.581
991     -4263.709
992     -4257.323
993     -4268.567
994     -4260.916
995     -4263.315
996     -4257.468
997     -4262.531
998     -4266.671
999     -4254.308
1000    -4256.639
 [ reached 'max' / getOption("max.print") -- omitted 1000 rows ]

$sum_log_lik
[1] -335.1728

