
[1] "The taxa modelled are:"
 [1] "Ash"            "Beech"          "Birch"          "Chestnut"       "Hemlock"        "Hickory"        "Maple"         
 [8] "Oak"            "Other conifer"  "Other hardwood" "Pine"           "Spruce"         "Tamarack"      

[1] "Summary of posterior parameter vals:"
                    mean          2.5%          50%        97.5%     n_eff      Rhat
phi[1]       90.63422870  6.664471e+01  89.56895000 120.40090000 1758.9733 0.9997048
phi[2]       37.27717970  3.139348e+01  37.07880000  44.45090000 1728.4137 0.9995228
phi[3]      244.93675500  2.118400e+02 244.37500000 281.20465000 1286.6465 0.9995284
phi[4]       54.26327515  4.156681e+01  54.02940000  69.17732000 1187.3497 1.0003390
phi[5]       83.06228295  7.132434e+01  82.95680000  95.19160750 1863.8252 0.9995676
phi[6]       67.79316210  5.510711e+01  67.58975000  82.10931750 1726.8175 0.9995035
phi[7]       27.13333610  2.160257e+01  26.91775000  34.39829750 1715.9242 0.9995000
phi[8]       56.03702105  4.743637e+01  56.05530000  64.46156500 1311.0687 0.9995004
phi[9]       18.77306837  1.262161e+01  18.60290000  26.04999750 3325.4821 0.9995060
phi[10]     176.79751750  1.463407e+02 177.04600000 209.11492500 1660.9008 0.9995139
phi[11]     267.71249850  2.282264e+02 269.33400000 297.98757500 1208.5204 0.9998128
phi[12]      35.48895455  2.955610e+01  35.48475000  41.66936500 2360.4367 0.9995196
phi[13]     217.68057020  1.265032e+02 220.60500000 292.80355000 1912.1972 0.9996087
gamma[1]      0.04794316  8.013083e-04   0.04319135   0.12981657 1199.0684 0.9995029
gamma[2]      0.15187131  4.415740e-02   0.15351600   0.24857862 1273.1371 0.9996916
gamma[3]      0.16985565  8.536784e-02   0.16969300   0.25324660 2458.5077 0.9997547
gamma[4]      0.11957202  1.610956e-03   0.12142150   0.24512575  508.9367 1.0037393
gamma[5]      0.05830359  1.994772e-03   0.05410555   0.14293515 1005.7162 0.9995358
gamma[6]      0.02691110  5.296041e-04   0.02260830   0.07803661 1392.3921 0.9997550
gamma[7]      0.08163571  4.051438e-03   0.07707880   0.18973460 1357.7042 0.9997257
gamma[8]      0.22529645  1.202596e-01   0.22859350   0.30753030 1091.2688 0.9996044
gamma[9]      0.18285093  1.491324e-02   0.17454300   0.41481287 1975.2046 1.0006538
gamma[10]     0.04315664  5.419444e-03   0.04023000   0.09567858 1553.9789 0.9998464
gamma[11]     0.03163973  1.626153e-02   0.03148935   0.04909997 1593.4089 1.0008778
gamma[12]     0.04000597  8.654284e-04   0.03185205   0.12767937 1023.6453 1.0000128
gamma[13]     0.02358807  4.398843e-04   0.01782270   0.08264896 1149.8113 0.9995037
mu_gamma     -1.78393509 -1.995630e+00  -1.86135000  -1.08169950 1043.8696 0.9995291
sigma_gamma   1.82222227  7.845036e-01   1.61125000   4.20859925  176.0125 1.0010033
log_a[1]     -1.84919648 -3.300319e+00  -1.87684000  -0.25976158 1460.1140 0.9998237
log_a[2]     -2.04179127 -3.160674e+00  -2.07754000  -0.77024988 1384.5234 0.9995122
log_a[3]     -1.98282471 -2.917145e+00  -2.00502500  -0.93230853 1440.3424 0.9996103
log_a[4]     -3.62229492 -5.129272e+00  -3.65377500  -1.93650425  563.3800 1.0025711
log_a[5]     -3.86156523 -4.634643e+00  -3.87621000  -2.99481350 1450.9050 1.0000187
log_a[6]     -3.77082878 -4.679701e+00  -3.78095500  -2.71360100 1564.7140 0.9996363
log_a[7]     -1.68400707 -3.220385e+00  -1.70970500  -0.21646123 1175.5310 0.9997269
log_a[8]     -3.79204468 -5.088540e+00  -3.75662000  -2.69020075 1262.3684 0.9995044
log_a[9]     -2.62321932 -4.579796e+00  -2.67312000  -0.45848475 1657.6988 1.0027259
log_a[10]    -0.46817630 -1.333936e+00  -0.38709600  -0.02335295 2052.1600 0.9996595
log_a[11]    -0.27081155 -8.078851e-01  -0.21730150  -0.01044821 2178.0682 1.0006694
log_a[12]    -3.83119653 -4.641978e+00  -3.85308500  -2.82641875 1466.5749 0.9996727
log_a[13]    -2.37099929 -3.762559e+00  -2.41351500  -0.78027368 1878.5247 1.0003936
b             2.07593340  2.002430e+00   2.05271500   2.29947650 1119.9462 0.9998278
mu_a         -2.46735238 -3.448221e+00  -2.47028000  -1.46095500 1547.3106 0.9995120
sigma_a       1.49328829  9.293957e-01   1.43840000   2.40313925 1398.0459 1.0000123

[1] "WAIC:"
$waic
[1] 8380.589

$p_waic
[1] 38.63453

$lppd
[1] -4151.66

$p_waic_1
[1] 36.62511

[1] "AIC:"
[1] 8391.32

[1] "Log likelihood"
$log_lik
      log_lik
1   -33.40518
2   -36.49063
3   -31.78634
4   -45.56462
5   -39.41420
6   -38.60124
7   -38.53532
8   -46.92938
9   -38.75932
10  -34.67890
11  -48.29781
12  -36.35384
13  -38.27406
14  -34.61234
15  -42.29619
16  -47.27502
17  -43.77836
18  -33.31771
19  -40.14160
20  -43.60889
21  -33.42588
22  -42.29741
23  -43.51502
24  -40.03766
25  -39.77683
26  -30.79696
27  -31.39088
28  -37.61895
29  -40.86784
30  -31.79637
31  -30.98270
32  -37.69089
33  -35.51707
34  -32.02489
35  -38.65115
36  -31.44118
37  -27.55186
38  -48.73104
39  -36.44217
40  -43.08314
41  -40.94058
42  -40.64394
43  -34.94628
44  -36.49430
45  -34.61158
46  -33.17354
47  -29.51935
48  -38.60669
49  -35.91323
50  -36.19651
51  -45.04218
52  -46.29017
53  -33.96950
54  -34.55498
55  -31.57343
56  -34.33256
57  -39.25601
58  -42.56424
59  -42.81957
60  -43.08790
61  -41.54737
62  -46.69669
63  -50.38024
64  -27.46171
65  -32.02334
66  -41.63504
67  -40.21660
68  -30.84236
69  -33.63011
70  -34.84382
71  -33.78045
72  -29.76410
73  -38.42497
74  -34.46878
75  -42.94928
76  -29.66460
77  -32.22156
78  -42.44108
79  -40.62155
80  -32.37260
81  -40.73990
82  -38.76499
83  -40.87160
84  -27.29493
85  -42.88110
86  -51.62570
87  -43.09244
88  -38.45641
89  -38.94470
90  -37.84920
91  -38.97818
92  -44.66215
93  -42.48373
94  -38.18843
95  -40.37487
96  -35.43733
97  -34.58519
98  -34.34367
99  -37.69418
100 -32.05714
101 -37.57943
102 -30.97496
103 -30.06450
104 -32.39107
105 -30.32803
106 -39.28795
107 -38.35286
108 -33.56885
109 -39.98184
110 -43.52110

$log_lik_iter
     log_lik_iter
1       -4170.925
2       -4166.676
3       -4168.558
4       -4170.614
5       -4167.785
6       -4161.108
7       -4169.418
8       -4168.803
9       -4176.703
10      -4164.982
11      -4167.634
12      -4168.653
13      -4159.512
14      -4179.732
15      -4178.828
16      -4176.485
17      -4171.096
18      -4165.480
19      -4166.255
20      -4168.074
21      -4169.622
22      -4170.867
23      -4165.010
24      -4163.529
25      -4171.484
26      -4164.777
27      -4167.373
28      -4164.520
29      -4171.326
30      -4166.647
31      -4169.829
32      -4170.090
33      -4167.772
34      -4172.050
35      -4169.267
36      -4167.941
37      -4174.931
38      -4176.250
39      -4170.891
40      -4165.446
41      -4162.526
42      -4165.189
43      -4166.196
44      -4169.717
45      -4171.619
46      -4170.576
47      -4172.835
48      -4173.581
49      -4169.961
50      -4164.288
51      -4178.474
52      -4167.083
53      -4169.079
54      -4169.430
55      -4165.574
56      -4166.936
57      -4163.761
58      -4164.363
59      -4176.461
60      -4160.454
61      -4166.813
62      -4173.388
63      -4166.278
64      -4168.081
65      -4168.793
66      -4174.653
67      -4170.557
68      -4173.855
69      -4169.689
70      -4164.104
71      -4166.388
72      -4170.526
73      -4181.568
74      -4176.803
75      -4183.527
76      -4166.471
77      -4169.396
78      -4164.090
79      -4173.645
80      -4166.525
81      -4169.255
82      -4163.730
83      -4165.467
84      -4164.897
85      -4167.101
86      -4169.968
87      -4172.781
88      -4166.257
89      -4176.486
90      -4163.567
91      -4178.734
92      -4168.020
93      -4164.849
94      -4166.216
95      -4175.013
96      -4170.524
97      -4177.675
98      -4171.706
99      -4170.894
100     -4165.365
101     -4163.023
102     -4167.882
103     -4164.582
104     -4166.703
105     -4165.197
106     -4162.752
107     -4169.097
108     -4166.034
109     -4177.185
110     -4170.022
111     -4171.365
112     -4166.050
113     -4163.356
114     -4172.931
115     -4169.039
116     -4179.941
117     -4171.800
118     -4166.996
119     -4175.187
120     -4173.075
121     -4170.596
122     -4168.978
123     -4165.805
124     -4173.670
125     -4174.840
126     -4168.155
127     -4169.389
128     -4171.183
129     -4169.394
130     -4163.476
131     -4161.798
132     -4172.814
133     -4175.040
134     -4170.165
135     -4164.596
136     -4173.889
137     -4174.075
138     -4163.739
139     -4167.710
140     -4175.391
141     -4174.305
142     -4173.036
143     -4164.752
144     -4168.879
145     -4170.355
146     -4166.334
147     -4172.752
148     -4174.117
149     -4176.459
150     -4169.201
151     -4171.923
152     -4175.043
153     -4167.743
154     -4182.630
155     -4165.915
156     -4167.239
157     -4175.278
158     -4166.536
159     -4166.239
160     -4173.309
161     -4171.264
162     -4170.847
163     -4173.100
164     -4170.326
165     -4163.891
166     -4170.389
167     -4167.987
168     -4168.334
169     -4168.408
170     -4169.618
171     -4167.709
172     -4176.699
173     -4172.397
174     -4166.151
175     -4178.756
176     -4167.288
177     -4169.224
178     -4168.051
179     -4178.545
180     -4174.202
181     -4170.878
182     -4173.382
183     -4167.620
184     -4164.606
185     -4166.552
186     -4168.342
187     -4178.490
188     -4169.294
189     -4171.140
190     -4170.627
191     -4171.680
192     -4174.132
193     -4171.042
194     -4172.258
195     -4165.619
196     -4160.680
197     -4163.960
198     -4165.170
199     -4170.667
200     -4166.988
201     -4172.973
202     -4164.092
203     -4175.740
204     -4168.263
205     -4161.029
206     -4176.954
207     -4172.520
208     -4171.938
209     -4176.046
210     -4165.049
211     -4171.825
212     -4168.566
213     -4164.308
214     -4171.947
215     -4162.315
216     -4174.570
217     -4165.170
218     -4173.533
219     -4170.694
220     -4166.634
221     -4166.852
222     -4171.473
223     -4167.732
224     -4175.471
225     -4174.636
226     -4163.893
227     -4170.352
228     -4185.458
229     -4162.778
230     -4167.947
231     -4173.888
232     -4164.381
233     -4162.018
234     -4180.319
235     -4169.679
236     -4163.126
237     -4179.520
238     -4169.772
239     -4170.585
240     -4167.789
241     -4162.559
242     -4181.472
243     -4175.066
244     -4183.887
245     -4173.783
246     -4171.090
247     -4174.575
248     -4166.525
249     -4176.853
250     -4172.440
251     -4178.429
252     -4164.250
253     -4168.610
254     -4169.245
255     -4169.816
256     -4174.468
257     -4175.704
258     -4165.392
259     -4166.769
260     -4175.591
261     -4168.227
262     -4167.837
263     -4161.613
264     -4171.771
265     -4166.578
266     -4171.366
267     -4163.380
268     -4172.188
269     -4165.158
270     -4173.134
271     -4169.760
272     -4163.405
273     -4167.827
274     -4159.327
275     -4177.719
276     -4168.001
277     -4168.568
278     -4167.238
279     -4161.079
280     -4170.627
281     -4171.538
282     -4161.303
283     -4169.562
284     -4171.542
285     -4184.595
286     -4169.742
287     -4170.721
288     -4168.673
289     -4172.140
290     -4170.420
291     -4178.106
292     -4175.606
293     -4162.692
294     -4181.881
295     -4168.341
296     -4164.061
297     -4168.215
298     -4167.367
299     -4171.779
300     -4170.389
301     -4167.719
302     -4172.067
303     -4168.318
304     -4167.224
305     -4171.376
306     -4170.901
307     -4166.692
308     -4176.521
309     -4169.816
310     -4175.235
311     -4173.365
312     -4174.297
313     -4172.907
314     -4168.968
315     -4163.589
316     -4172.562
317     -4170.806
318     -4172.950
319     -4173.239
320     -4172.154
321     -4169.840
322     -4168.230
323     -4169.241
324     -4167.495
325     -4171.081
326     -4176.356
327     -4167.987
328     -4167.355
329     -4183.121
330     -4170.484
331     -4168.206
332     -4167.151
333     -4169.692
334     -4169.987
335     -4176.751
336     -4170.720
337     -4165.694
338     -4163.245
339     -4169.590
340     -4166.578
341     -4168.353
342     -4170.706
343     -4169.828
344     -4170.568
345     -4170.400
346     -4171.584
347     -4166.222
348     -4169.796
349     -4179.902
350     -4165.228
351     -4176.849
352     -4170.387
353     -4170.586
354     -4172.270
355     -4174.670
356     -4170.666
357     -4175.599
358     -4169.853
359     -4166.737
360     -4165.964
361     -4169.398
362     -4169.638
363     -4177.567
364     -4170.445
365     -4171.544
366     -4176.784
367     -4160.294
368     -4169.261
369     -4167.806
370     -4168.415
371     -4177.757
372     -4164.097
373     -4174.279
374     -4166.076
375     -4166.313
376     -4175.694
377     -4168.880
378     -4173.155
379     -4160.447
380     -4166.066
381     -4168.858
382     -4164.019
383     -4171.492
384     -4169.031
385     -4169.464
386     -4164.225
387     -4175.770
388     -4170.929
389     -4166.650
390     -4162.530
391     -4177.289
392     -4168.435
393     -4166.197
394     -4167.276
395     -4171.427
396     -4162.953
397     -4175.323
398     -4172.841
399     -4165.628
400     -4167.588
401     -4165.909
402     -4166.794
403     -4172.470
404     -4165.194
405     -4160.988
406     -4177.954
407     -4162.668
408     -4170.329
409     -4169.190
410     -4163.891
411     -4170.922
412     -4177.297
413     -4168.105
414     -4159.406
415     -4162.219
416     -4162.360
417     -4168.112
418     -4164.464
419     -4168.245
420     -4170.464
421     -4174.084
422     -4169.828
423     -4179.113
424     -4181.174
425     -4178.658
426     -4170.067
427     -4171.407
428     -4167.398
429     -4168.676
430     -4175.436
431     -4168.391
432     -4167.293
433     -4173.990
434     -4168.580
435     -4172.451
436     -4165.152
437     -4168.253
438     -4166.311
439     -4176.842
440     -4165.665
441     -4169.618
442     -4179.971
443     -4172.711
444     -4178.136
445     -4167.289
446     -4165.399
447     -4171.972
448     -4165.295
449     -4174.342
450     -4167.871
451     -4168.645
452     -4170.030
453     -4167.809
454     -4167.463
455     -4174.841
456     -4176.050
457     -4168.001
458     -4161.801
459     -4170.696
460     -4165.734
461     -4167.034
462     -4161.200
463     -4166.447
464     -4168.738
465     -4165.148
466     -4175.402
467     -4175.364
468     -4173.338
469     -4181.798
470     -4165.361
471     -4165.109
472     -4167.179
473     -4166.956
474     -4164.426
475     -4165.977
476     -4164.573
477     -4173.545
478     -4171.887
479     -4169.317
480     -4173.690
481     -4178.608
482     -4166.479
483     -4169.913
484     -4174.931
485     -4177.220
486     -4169.212
487     -4177.873
488     -4171.614
489     -4161.454
490     -4185.544
491     -4171.924
492     -4170.293
493     -4171.420
494     -4166.880
495     -4175.874
496     -4168.264
497     -4168.930
498     -4164.354
499     -4170.012
500     -4171.221
501     -4169.043
502     -4166.214
503     -4170.890
504     -4179.084
505     -4167.879
506     -4163.702
507     -4169.526
508     -4169.029
509     -4169.988
510     -4173.498
511     -4175.448
512     -4171.659
513     -4173.284
514     -4172.596
515     -4168.632
516     -4169.171
517     -4162.361
518     -4166.025
519     -4172.591
520     -4172.472
521     -4174.979
522     -4174.429
523     -4178.639
524     -4170.481
525     -4165.326
526     -4173.578
527     -4166.005
528     -4177.572
529     -4173.652
530     -4176.930
531     -4170.898
532     -4167.561
533     -4167.850
534     -4171.082
535     -4168.026
536     -4170.781
537     -4166.057
538     -4173.812
539     -4170.439
540     -4163.392
541     -4167.807
542     -4173.759
543     -4163.947
544     -4172.336
545     -4165.482
546     -4161.425
547     -4170.229
548     -4171.195
549     -4168.134
550     -4177.609
551     -4174.359
552     -4163.614
553     -4165.922
554     -4173.447
555     -4164.487
556     -4171.570
557     -4168.457
558     -4183.287
559     -4162.973
560     -4171.542
561     -4170.402
562     -4170.139
563     -4165.261
564     -4171.672
565     -4173.278
566     -4179.955
567     -4173.249
568     -4166.465
569     -4174.041
570     -4171.629
571     -4163.885
572     -4171.492
573     -4167.848
574     -4171.825
575     -4173.138
576     -4175.920
577     -4168.213
578     -4168.895
579     -4163.417
580     -4163.070
581     -4168.188
582     -4177.945
583     -4173.367
584     -4173.160
585     -4168.825
586     -4164.752
587     -4178.680
588     -4171.053
589     -4169.465
590     -4174.282
591     -4165.428
592     -4168.055
593     -4166.960
594     -4164.510
595     -4174.910
596     -4171.224
597     -4170.877
598     -4167.430
599     -4164.922
600     -4166.853
601     -4168.002
602     -4174.187
603     -4166.770
604     -4166.884
605     -4168.350
606     -4174.047
607     -4167.726
608     -4177.767
609     -4167.022
610     -4165.747
611     -4175.772
612     -4173.453
613     -4168.899
614     -4172.106
615     -4166.385
616     -4169.825
617     -4177.657
618     -4168.028
619     -4165.049
620     -4172.056
621     -4172.733
622     -4172.392
623     -4173.034
624     -4165.012
625     -4171.012
626     -4167.472
627     -4166.162
628     -4177.044
629     -4165.203
630     -4177.957
631     -4174.404
632     -4163.733
633     -4164.790
634     -4165.070
635     -4164.954
636     -4172.473
637     -4171.342
638     -4166.549
639     -4166.875
640     -4163.656
641     -4171.612
642     -4167.610
643     -4160.582
644     -4170.962
645     -4168.992
646     -4171.343
647     -4170.741
648     -4172.821
649     -4175.320
650     -4169.022
651     -4165.725
652     -4167.222
653     -4175.992
654     -4168.183
655     -4161.912
656     -4168.081
657     -4169.034
658     -4175.519
659     -4165.630
660     -4172.432
661     -4168.300
662     -4173.277
663     -4168.646
664     -4166.518
665     -4164.832
666     -4164.940
667     -4169.772
668     -4170.426
669     -4158.686
670     -4170.996
671     -4170.493
672     -4177.485
673     -4176.386
674     -4181.491
675     -4161.410
676     -4169.318
677     -4166.800
678     -4179.861
679     -4163.265
680     -4170.933
681     -4178.325
682     -4171.869
683     -4172.309
684     -4171.383
685     -4174.264
686     -4175.415
687     -4166.087
688     -4166.732
689     -4172.120
690     -4165.571
691     -4170.552
692     -4175.609
693     -4175.033
694     -4165.636
695     -4168.497
696     -4169.935
697     -4168.814
698     -4172.786
699     -4166.622
700     -4175.940
701     -4166.235
702     -4175.672
703     -4166.192
704     -4166.724
705     -4169.852
706     -4164.761
707     -4175.783
708     -4172.151
709     -4166.631
710     -4172.927
711     -4166.103
712     -4165.637
713     -4163.101
714     -4165.659
715     -4167.766
716     -4176.323
717     -4169.442
718     -4163.029
719     -4171.998
720     -4167.719
721     -4173.177
722     -4168.131
723     -4167.504
724     -4176.006
725     -4167.312
726     -4168.809
727     -4167.982
728     -4167.736
729     -4184.115
730     -4164.532
731     -4167.053
732     -4166.436
733     -4171.219
734     -4169.781
735     -4169.800
736     -4166.696
737     -4165.866
738     -4161.853
739     -4169.151
740     -4173.942
741     -4169.106
742     -4176.106
743     -4171.152
744     -4172.288
745     -4169.574
746     -4166.382
747     -4168.198
748     -4163.106
749     -4166.612
750     -4167.097
751     -4173.341
752     -4178.061
753     -4178.348
754     -4172.990
755     -4164.892
756     -4173.882
757     -4175.826
758     -4163.859
759     -4163.224
760     -4173.893
761     -4163.676
762     -4177.868
763     -4165.401
764     -4179.431
765     -4168.913
766     -4168.810
767     -4168.157
768     -4173.582
769     -4168.301
770     -4167.953
771     -4162.817
772     -4160.731
773     -4173.101
774     -4164.492
775     -4174.052
776     -4166.171
777     -4168.256
778     -4164.959
779     -4169.256
780     -4165.713
781     -4162.648
782     -4168.982
783     -4167.520
784     -4177.394
785     -4170.513
786     -4176.338
787     -4169.019
788     -4175.162
789     -4171.472
790     -4165.011
791     -4167.444
792     -4163.756
793     -4168.764
794     -4163.048
795     -4167.955
796     -4172.536
797     -4176.851
798     -4169.861
799     -4164.770
800     -4171.930
801     -4173.189
802     -4172.496
803     -4162.005
804     -4164.075
805     -4172.920
806     -4163.691
807     -4171.864
808     -4162.175
809     -4164.547
810     -4169.288
811     -4170.346
812     -4166.114
813     -4168.408
814     -4165.760
815     -4169.023
816     -4171.672
817     -4174.052
818     -4171.298
819     -4173.247
820     -4169.280
821     -4168.345
822     -4170.982
823     -4170.283
824     -4175.889
825     -4172.897
826     -4167.048
827     -4164.195
828     -4170.864
829     -4169.688
830     -4163.294
831     -4175.184
832     -4171.412
833     -4167.394
834     -4174.365
835     -4172.172
836     -4166.039
837     -4166.578
838     -4168.617
839     -4176.600
840     -4175.780
841     -4174.039
842     -4171.554
843     -4166.216
844     -4172.364
845     -4166.239
846     -4168.416
847     -4168.619
848     -4173.004
849     -4166.682
850     -4165.779
851     -4175.997
852     -4178.712
853     -4166.090
854     -4167.445
855     -4170.256
856     -4168.227
857     -4169.731
858     -4174.783
859     -4169.329
860     -4159.444
861     -4175.394
862     -4173.003
863     -4169.156
864     -4180.173
865     -4163.772
866     -4168.827
867     -4163.040
868     -4179.107
869     -4169.340
870     -4176.819
871     -4170.879
872     -4165.679
873     -4172.681
874     -4158.166
875     -4171.946
876     -4172.561
877     -4167.329
878     -4171.926
879     -4167.623
880     -4170.951
881     -4172.723
882     -4170.338
883     -4163.712
884     -4172.198
885     -4165.474
886     -4161.892
887     -4171.667
888     -4170.742
889     -4172.971
890     -4176.093
891     -4173.029
892     -4177.295
893     -4170.277
894     -4170.631
895     -4166.915
896     -4168.469
897     -4163.769
898     -4164.226
899     -4169.427
900     -4170.971
901     -4175.699
902     -4168.245
903     -4173.984
904     -4173.262
905     -4167.663
906     -4173.683
907     -4175.827
908     -4165.607
909     -4162.616
910     -4165.431
911     -4171.757
912     -4171.437
913     -4173.096
914     -4177.141
915     -4171.200
916     -4175.467
917     -4181.541
918     -4164.418
919     -4170.852
920     -4175.153
921     -4174.068
922     -4172.397
923     -4171.778
924     -4170.489
925     -4175.768
926     -4167.742
927     -4165.285
928     -4168.899
929     -4172.470
930     -4174.069
931     -4168.791
932     -4176.230
933     -4168.182
934     -4177.597
935     -4169.625
936     -4167.622
937     -4170.554
938     -4166.959
939     -4168.390
940     -4181.310
941     -4167.111
942     -4162.175
943     -4166.503
944     -4170.507
945     -4181.569
946     -4171.119
947     -4170.030
948     -4168.842
949     -4172.127
950     -4172.070
951     -4164.512
952     -4172.129
953     -4165.660
954     -4167.846
955     -4164.841
956     -4170.089
957     -4177.126
958     -4172.003
959     -4160.299
960     -4169.335
961     -4165.089
962     -4172.217
963     -4182.435
964     -4165.346
965     -4170.058
966     -4172.148
967     -4173.102
968     -4169.396
969     -4171.673
970     -4164.968
971     -4168.471
972     -4167.582
973     -4172.989
974     -4174.522
975     -4166.455
976     -4165.327
977     -4178.619
978     -4160.057
979     -4170.339
980     -4172.052
981     -4174.820
982     -4174.159
983     -4174.161
984     -4162.995
985     -4170.201
986     -4173.028
987     -4164.555
988     -4176.732
989     -4170.878
990     -4166.746
991     -4173.742
992     -4173.285
993     -4168.748
994     -4171.646
995     -4167.330
996     -4173.375
997     -4177.362
998     -4173.145
999     -4167.605
1000    -4167.457
 [ reached 'max' / getOption("max.print") -- omitted 1000 rows ]

$sum_log_lik
[1] -4151.66

