
[1] "The taxa modelled are:"
 [1] "Ash"            "Beech"          "Birch"          "Chestnut"       "Hemlock"        "Hickory"        "Maple"         
 [8] "Oak"            "Other conifer"  "Other hardwood" "Pine"           "Spruce"         "Tamarack"      

[1] "Summary of posterior parameter vals:"
                    mean       2.5%          50%        97.5%     n_eff     Rhat
phi[1]       69.72282620  0.0000000  83.11935000 116.18567500  4.684524 1.318797
phi[2]       28.58518860  0.0000000  35.49905000  43.26256000  4.513021 1.331865
phi[3]      190.39496500  0.0000000 238.87800000 276.28482500  4.480027 1.348535
phi[4]       41.90024735  0.0000000  51.25770000  66.50193500  4.625452 1.324139
phi[5]       64.14809650  0.0000000  80.79270000  93.05187250  4.451849 1.346749
phi[6]       52.96204995  0.0000000  64.92440000  80.07010250  4.570071 1.363925
phi[7]       20.84734955  0.0000000  25.46745000  33.27669000  4.731303 1.310610
phi[8]       43.39406055  0.0000000  54.42000000  63.35262250  4.456761 1.333928
phi[9]       14.51440323  0.0000000  17.13620000  25.54364000  5.025231 1.281925
phi[10]     135.01404050  0.0000000 168.30800000 205.51930000  4.623641 1.295774
phi[11]     204.51360150  0.0000000 256.49300000 295.95802500  4.506564 1.314969
phi[12]      27.14060195  0.0000000  33.59380000  40.75947750  4.534633 1.315741
phi[13]     166.73097975  0.0000000 197.88050000 290.47217500  5.111065 1.293784
gamma[1]      0.04051857  0.0000000   0.03092800   0.12638177 15.924350 1.103012
gamma[2]      0.12236955  0.0000000   0.14077300   0.25217590  6.577170 1.251324
gamma[3]      0.13253533  0.0000000   0.15742000   0.24652162  5.511812 1.265169
gamma[4]      0.09932348  0.0000000   0.10700250   0.23889140  9.481860 1.137043
gamma[5]      0.04780073  0.0000000   0.04394700   0.14234170 12.614479 1.104730
gamma[6]      0.02289532  0.0000000   0.01552120   0.08940503 16.162942 1.125418
gamma[7]      0.06304168  0.0000000   0.05813025   0.18584772 11.868360 1.116008
gamma[8]      0.17781623  0.0000000   0.21528700   0.30868485  5.018011 1.269322
gamma[9]      0.15364329  0.0000000   0.14836000   0.40554500  9.418787 1.184236
gamma[10]     0.03199691  0.0000000   0.03285620   0.08733585 10.373337 1.141151
gamma[11]     0.02465131  0.0000000   0.02914355   0.04756187  5.503480 1.279775
gamma[12]     0.03416765  0.0000000   0.02253780   0.12331032 17.556224 1.110798
gamma[13]     0.01856271  0.0000000   0.01165205   0.08400761 28.952842 1.054450
mu_gamma     -1.39341629 -1.9949400  -1.80080500   0.00000000  4.669887 1.339591
sigma_gamma   1.36982294  0.0000000   1.32338000   3.65886575  9.776094 1.117266
log_a[1]     -1.34027589 -3.1533843  -1.36319000   0.00000000  9.458055 1.118202
log_a[2]     -1.51703314 -2.9675490  -1.76235500   0.00000000  5.933771 1.240625
log_a[3]     -1.42296419 -2.6996720  -1.64589000   0.00000000  5.701354 1.223194
log_a[4]     -2.66488435 -4.8261130  -3.17345500   0.00000000  5.373081 1.278758
log_a[5]     -2.85117706 -4.4403388  -3.53677000   0.00000000  4.707527 1.321424
log_a[6]     -2.78439298 -4.5114695  -3.37258500   0.00000000  4.886812 1.274776
log_a[7]     -1.27259075 -2.8919398  -1.36776500   0.00000000  8.231714 1.189681
log_a[8]     -2.82312726 -4.7530627  -3.41214500   0.00000000  4.990204 1.319701
log_a[9]     -1.78123969 -4.2011370  -1.86119500   0.00000000  8.515372 1.117390
log_a[10]    -0.38988708 -1.5846900  -0.25109650   0.00000000 15.808629 1.145643
log_a[11]    -0.23470571 -0.8024424  -0.15988850   0.00000000 14.956925 1.154304
log_a[12]    -2.84301049 -4.5073455  -3.53207000   0.00000000  4.812179 1.316987
log_a[13]    -1.80977135 -3.5854135  -2.09729500   0.00000000  6.505494 1.253659
log_b[1]      0.59221786  0.0000000   0.73006950   0.91476415  4.491251 1.334433
log_b[2]      0.59253760  0.0000000   0.73202300   0.90121020  4.518811 1.326705
log_b[3]      0.59169955  0.0000000   0.73087500   0.91037705  4.493970 1.330389
log_b[4]      0.59257121  0.0000000   0.73074850   0.92259962  4.543240 1.327835
log_b[5]      0.59333057  0.0000000   0.73040000   0.92837500  4.531124 1.322860
log_b[6]      0.59317642  0.0000000   0.73081000   0.91861075  4.514123 1.332519
log_b[7]      0.59160799  0.0000000   0.73068600   0.91727195  4.472533 1.332745
log_b[8]      0.58730659  0.0000000   0.72867800   0.87914017  4.480028 1.332272
log_b[9]      0.59302571  0.0000000   0.73084100   0.92486052  4.524039 1.326411
log_b[10]     0.58884511  0.0000000   0.73020300   0.89396682  4.441627 1.341036
log_b[11]     0.58650895  0.0000000   0.72936400   0.88394887  4.463353 1.340653
log_b[12]     0.59087256  0.0000000   0.73146350   0.89759490  4.503829 1.328998
log_b[13]     0.59535960  0.0000000   0.73261300   0.92911500  4.541074 1.325155
mu_a         -1.81402178 -3.2742538  -2.14524500   0.00000000  5.290774 1.257979
sigma_a       1.12350433  0.0000000   1.29586500   2.20827450  5.708403 1.247896
mu_b          0.59133648  0.0000000   0.73312500   0.88466160  4.467535 1.335897
sigma_b       0.02252206  0.0000000   0.01274920   0.10659130 31.334636 1.021352

[1] "WAIC:"
$waic
[1] 56578

$p_waic
[1] 28124.67

$lppd
[1] -164.3268

$p_waic_1
[1] 6140.472

[1] "AIC:"
[1] 444.6535

[1] "Log likelihood"
$log_lik
     log_lik
1   -1.49388
2   -1.49388
3   -1.49388
4   -1.49388
5   -1.49388
6   -1.49388
7   -1.49388
8   -1.49388
9   -1.49388
10  -1.49388
11  -1.49388
12  -1.49388
13  -1.49388
14  -1.49388
15  -1.49388
16  -1.49388
17  -1.49388
18  -1.49388
19  -1.49388
20  -1.49388
21  -1.49388
22  -1.49388
23  -1.49388
24  -1.49388
25  -1.49388
26  -1.49388
27  -1.49388
28  -1.49388
29  -1.49388
30  -1.49388
31  -1.49388
32  -1.49388
33  -1.49388
34  -1.49388
35  -1.49388
36  -1.49388
37  -1.49388
38  -1.49388
39  -1.49388
40  -1.49388
41  -1.49388
42  -1.49388
43  -1.49388
44  -1.49388
45  -1.49388
46  -1.49388
47  -1.49388
48  -1.49388
49  -1.49388
50  -1.49388
51  -1.49388
52  -1.49388
53  -1.49388
54  -1.49388
55  -1.49388
56  -1.49388
57  -1.49388
58  -1.49388
59  -1.49388
60  -1.49388
61  -1.49388
62  -1.49388
63  -1.49388
64  -1.49388
65  -1.49388
66  -1.49388
67  -1.49388
68  -1.49388
69  -1.49388
70  -1.49388
71  -1.49388
72  -1.49388
73  -1.49388
74  -1.49388
75  -1.49388
76  -1.49388
77  -1.49388
78  -1.49388
79  -1.49388
80  -1.49388
81  -1.49388
82  -1.49388
83  -1.49388
84  -1.49388
85  -1.49388
86  -1.49388
87  -1.49388
88  -1.49388
89  -1.49388
90  -1.49388
91  -1.49388
92  -1.49388
93  -1.49388
94  -1.49388
95  -1.49388
96  -1.49388
97  -1.49388
98  -1.49388
99  -1.49388
100 -1.49388
101 -1.49388
102 -1.49388
103 -1.49388
104 -1.49388
105 -1.49388
106 -1.49388
107 -1.49388
108 -1.49388
109 -1.49388
110 -1.49388

$log_lik_iter
     log_lik_iter
1       -4165.535
2       -4173.391
3       -4174.982
4       -4178.618
5       -4178.241
6       -4165.688
7       -4169.522
8       -4171.830
9       -4169.373
10      -4172.030
11      -4173.362
12      -4168.229
13          0.000
14      -4173.791
15          0.000
16      -4171.098
17          0.000
18      -4169.713
19      -4175.346
20      -4184.173
21          0.000
22      -4164.009
23      -4166.404
24      -4176.836
25      -4166.146
26      -4175.495
27      -4173.280
28      -4162.750
29      -4168.645
30          0.000
31          0.000
32      -4168.270
33          0.000
34          0.000
35      -4174.986
36      -4175.968
37      -4171.395
38          0.000
39      -4177.509
40      -4170.990
41          0.000
42      -4184.094
43      -4167.452
44      -4165.464
45      -4170.289
46      -4178.661
47      -4166.814
48      -4167.970
49      -4177.856
50      -4174.717
51      -4171.636
52      -4172.003
53      -4163.448
54      -4180.138
55      -4170.518
56      -4168.322
57          0.000
58      -4174.056
59          0.000
60      -4164.403
61      -4178.237
62      -4168.918
63      -4163.119
64      -4170.837
65      -4177.602
66      -4170.563
67      -4167.686
68      -4167.907
69      -4168.281
70      -4176.836
71      -4166.627
72      -4166.913
73      -4171.685
74          0.000
75      -4164.410
76      -4168.568
77      -4179.986
78      -4168.635
79      -4171.429
80          0.000
81      -4173.037
82      -4163.601
83      -4173.227
84      -4172.044
85          0.000
86      -4172.095
87      -4173.897
88      -4171.520
89      -4166.457
90      -4172.492
91      -4173.317
92      -4169.845
93      -4168.782
94      -4178.762
95      -4177.413
96      -4167.523
97      -4168.465
98      -4164.918
99      -4171.445
100     -4174.138
101     -4165.362
102     -4171.909
103     -4170.642
104     -4181.770
105     -4168.260
106     -4170.611
107     -4165.092
108     -4162.923
109     -4172.115
110         0.000
111     -4169.178
112     -4180.921
113     -4174.981
114     -4161.858
115         0.000
116     -4165.215
117         0.000
118     -4177.322
119         0.000
120     -4170.026
121     -4166.014
122     -4171.306
123     -4174.142
124     -4171.492
125     -4164.999
126     -4169.186
127         0.000
128         0.000
129     -4162.874
130     -4166.785
131     -4175.767
132         0.000
133     -4172.942
134     -4174.142
135     -4175.256
136         0.000
137     -4163.578
138     -4164.228
139     -4175.743
140     -4178.335
141     -4173.696
142     -4173.083
143     -4167.830
144     -4167.117
145     -4174.127
146     -4174.803
147         0.000
148         0.000
149     -4169.803
150     -4173.829
151     -4174.142
152     -4173.725
153     -4163.531
154     -4170.441
155     -4167.264
156     -4174.532
157     -4169.552
158         0.000
159         0.000
160     -4174.091
161     -4172.632
162         0.000
163     -4176.709
164     -4167.613
165     -4172.287
166     -4176.150
167     -4173.039
168     -4162.236
169     -4167.727
170     -4174.145
171     -4174.018
172     -4168.537
173     -4171.923
174     -4172.002
175     -4167.558
176         0.000
177     -4168.404
178     -4164.162
179     -4169.869
180         0.000
181         0.000
182     -4166.574
183     -4165.840
184         0.000
185     -4168.501
186         0.000
187     -4178.237
188     -4169.559
189         0.000
190     -4167.417
191         0.000
192     -4172.873
193         0.000
194         0.000
195     -4173.068
196         0.000
197     -4170.963
198     -4173.082
199     -4166.481
200     -4174.282
201     -4173.037
202     -4173.980
203     -4177.021
204     -4167.497
205         0.000
206     -4171.651
207     -4169.558
208     -4168.889
209     -4174.142
210     -4172.130
211     -4174.092
212         0.000
213         0.000
214     -4182.324
215     -4175.724
216     -4169.475
217         0.000
218     -4181.416
219         0.000
220     -4168.541
221     -4169.976
222         0.000
223     -4170.826
224         0.000
225         0.000
226     -4171.568
227     -4165.512
228     -4170.427
229     -4168.098
230         0.000
231     -4172.330
232     -4172.204
233     -4167.751
234     -4171.872
235         0.000
236     -4175.256
237     -4169.337
238     -4165.050
239     -4169.609
240     -4166.942
241         0.000
242     -4175.654
243         0.000
244     -4167.949
245         0.000
246         0.000
247         0.000
248     -4171.038
249     -4167.002
250         0.000
251     -4170.223
252     -4165.022
253         0.000
254     -4170.601
255     -4174.843
256     -4165.565
257     -4169.500
258     -4172.610
259     -4183.791
260     -4163.907
261     -4164.606
262     -4175.150
263         0.000
264     -4169.622
265     -4173.037
266     -4166.010
267     -4167.305
268         0.000
269     -4185.455
270     -4167.303
271         0.000
272         0.000
273     -4162.503
274     -4169.542
275     -4170.867
276     -4169.210
277     -4167.775
278     -4172.552
279     -4178.485
280         0.000
281         0.000
282     -4158.839
283     -4172.084
284     -4166.363
285     -4170.050
286     -4172.617
287     -4172.471
288     -4174.565
289     -4166.257
290     -4173.540
291     -4165.052
292         0.000
293     -4167.201
294     -4171.588
295     -4169.766
296     -4172.575
297         0.000
298         0.000
299     -4165.633
300     -4170.947
301         0.000
302         0.000
303         0.000
304         0.000
305         0.000
306         0.000
307     -4180.818
308     -4173.782
309     -4168.243
310     -4175.198
311         0.000
312         0.000
313         0.000
314         0.000
315     -4174.248
316         0.000
317         0.000
318     -4168.880
319     -4169.835
320         0.000
321     -4180.046
322     -4167.302
323     -4169.537
324     -4171.699
325     -4177.396
326     -4167.686
327         0.000
328         0.000
329     -4167.351
330     -4176.487
331     -4167.960
332     -4169.633
333     -4181.831
334     -4171.746
335     -4166.949
336     -4179.715
337     -4173.660
338     -4179.961
339     -4163.540
340     -4171.550
341         0.000
342     -4172.698
343     -4179.276
344     -4171.080
345     -4171.570
346     -4169.382
347     -4172.346
348     -4166.468
349     -4169.653
350     -4176.386
351     -4176.609
352     -4164.270
353     -4173.557
354     -4177.899
355     -4167.328
356     -4176.840
357         0.000
358     -4164.603
359         0.000
360     -4167.724
361     -4170.533
362     -4179.572
363     -4172.337
364     -4165.565
365         0.000
366     -4170.563
367     -4165.663
368     -4174.826
369     -4167.324
370     -4168.217
371     -4164.069
372     -4167.116
373     -4168.061
374     -4170.873
375         0.000
376     -4172.846
377     -4171.609
378     -4165.143
379     -4164.608
380     -4166.478
381     -4173.231
382         0.000
383     -4175.629
384     -4167.686
385     -4170.214
386         0.000
387         0.000
388     -4163.824
389     -4173.720
390     -4170.234
391     -4175.807
392         0.000
393     -4173.823
394     -4170.281
395     -4165.739
396     -4169.870
397         0.000
398         0.000
399     -4172.844
400     -4167.674
401     -4169.549
402     -4169.625
403     -4163.471
404     -4177.759
405     -4168.120
406     -4178.335
407     -4171.722
408     -4175.961
409     -4171.621
410         0.000
411     -4170.428
412     -4178.335
413     -4175.392
414     -4167.256
415         0.000
416     -4165.302
417     -4172.269
418     -4168.695
419     -4162.580
420         0.000
421     -4165.102
422         0.000
423         0.000
424         0.000
425         0.000
426         0.000
427         0.000
428     -4166.748
429     -4174.196
430     -4167.084
431     -4169.476
432     -4166.536
433     -4172.615
434         0.000
435         0.000
436     -4174.424
437     -4168.816
438     -4169.326
439     -4178.644
440     -4169.878
441     -4168.600
442     -4169.208
443     -4172.029
444     -4164.917
445         0.000
446     -4170.626
447     -4171.205
448         0.000
449     -4163.608
450     -4170.411
451     -4163.432
452         0.000
453     -4169.823
454         0.000
455         0.000
456     -4176.043
457     -4168.669
458         0.000
459     -4166.982
460         0.000
461     -4170.038
462     -4172.547
463     -4168.667
464     -4170.972
465         0.000
466     -4170.030
467     -4171.252
468     -4172.961
469     -4178.335
470     -4172.489
471     -4165.720
472         0.000
473     -4168.098
474         0.000
475     -4179.562
476     -4181.206
477         0.000
478     -4176.202
479         0.000
480     -4179.302
481     -4182.471
482         0.000
483     -4169.716
484     -4166.797
485     -4164.240
486     -4171.831
487     -4176.251
488     -4167.578
489         0.000
490     -4165.735
491     -4173.925
492     -4172.225
493     -4174.928
494     -4170.533
495     -4167.204
496     -4166.597
497     -4177.029
498     -4171.020
499     -4163.831
500     -4172.048
501     -4172.269
502         0.000
503     -4172.807
504     -4168.833
505     -4165.757
506     -4172.450
507     -4177.391
508     -4166.305
509     -4171.054
510     -4185.663
511         0.000
512     -4164.434
513     -4172.461
514     -4177.743
515     -4166.812
516     -4166.262
517         0.000
518         0.000
519     -4174.886
520     -4159.269
521     -4164.532
522         0.000
523     -4182.327
524     -4172.446
525     -4178.335
526     -4166.220
527     -4169.919
528         0.000
529         0.000
530     -4168.652
531     -4180.921
532         0.000
533         0.000
534     -4172.188
535     -4169.232
536     -4165.216
537     -4168.659
538     -4174.142
539     -4168.757
540     -4167.554
541     -4172.293
542     -4174.142
543     -4172.573
544     -4172.087
545     -4166.587
546         0.000
547     -4160.401
548     -4168.351
549     -4166.707
550     -4165.199
551     -4179.631
552     -4173.280
553     -4165.975
554     -4175.111
555     -4175.156
556         0.000
557         0.000
558     -4166.938
559         0.000
560     -4174.393
561     -4159.086
562     -4169.058
563     -4172.888
564     -4168.749
565     -4176.386
566     -4168.293
567     -4172.338
568     -4171.291
569     -4166.444
570     -4163.963
571         0.000
572     -4172.990
573         0.000
574     -4179.988
575         0.000
576     -4179.019
577         0.000
578     -4163.162
579     -4172.889
580     -4179.196
581     -4165.308
582     -4174.043
583     -4166.058
584     -4168.203
585         0.000
586     -4176.424
587     -4176.414
588         0.000
589     -4174.606
590     -4176.959
591     -4164.650
592     -4170.840
593         0.000
594     -4167.734
595     -4184.144
596     -4171.507
597     -4169.335
598     -4170.181
599         0.000
600         0.000
601         0.000
602     -4165.611
603         0.000
604     -4176.305
605     -4172.361
606     -4161.770
607     -4175.044
608     -4170.360
609     -4170.506
610     -4167.614
611         0.000
612     -4169.740
613         0.000
614     -4167.045
615     -4173.556
616     -4168.521
617     -4176.189
618         0.000
619     -4176.133
620     -4165.971
621     -4170.507
622     -4179.779
623     -4169.318
624         0.000
625         0.000
626     -4170.382
627         0.000
628     -4167.445
629     -4169.182
630     -4162.249
631     -4168.677
632     -4179.414
633         0.000
634     -4165.833
635         0.000
636     -4170.149
637     -4165.620
638     -4175.980
639     -4166.475
640     -4166.874
641     -4164.796
642     -4165.165
643     -4184.169
644     -4178.955
645     -4176.356
646     -4168.833
647     -4164.238
648     -4174.142
649     -4166.780
650         0.000
651     -4173.037
652     -4163.458
653     -4163.164
654     -4176.812
655     -4165.108
656     -4174.702
657     -4175.152
658         0.000
659     -4174.754
660     -4169.504
661     -4165.733
662     -4161.104
663     -4170.316
664     -4178.234
665     -4167.251
666     -4174.848
667     -4174.050
668     -4173.684
669     -4174.605
670     -4176.199
671     -4169.504
672     -4175.474
673     -4173.280
674     -4174.142
675     -4175.744
676     -4165.787
677     -4166.266
678     -4172.574
679     -4173.809
680     -4172.024
681     -4171.377
682     -4174.170
683     -4178.237
684         0.000
685     -4167.723
686     -4164.977
687     -4170.616
688     -4169.881
689     -4175.179
690         0.000
691         0.000
692     -4169.306
693     -4170.279
694     -4164.375
695         0.000
696     -4168.661
697         0.000
698     -4171.199
699     -4163.119
700     -4162.730
701         0.000
702         0.000
703     -4175.204
704     -4171.068
705     -4176.136
706     -4173.195
707     -4180.388
708         0.000
709     -4171.252
710         0.000
711     -4173.525
712     -4170.050
713     -4167.013
714     -4166.926
715     -4161.216
716     -4168.279
717     -4168.795
718     -4178.226
719     -4167.541
720         0.000
721     -4171.329
722     -4169.704
723     -4176.322
724     -4182.675
725         0.000
726         0.000
727     -4167.579
728     -4187.252
729     -4168.448
730     -4166.695
731         0.000
732         0.000
733     -4169.370
734     -4174.148
735         0.000
736     -4164.701
737     -4169.987
738         0.000
739     -4164.887
740     -4172.110
741     -4178.237
742         0.000
743         0.000
744     -4174.977
745     -4167.047
746         0.000
747     -4169.929
748     -4174.958
749     -4172.303
750         0.000
751     -4167.827
752         0.000
753         0.000
754     -4174.773
755     -4168.216
756     -4168.394
757     -4176.177
758     -4162.007
759     -4172.515
760     -4169.468
761     -4184.872
762     -4164.318
763     -4169.391
764         0.000
765     -4169.730
766     -4166.610
767     -4165.860
768         0.000
769     -4168.047
770     -4170.389
771     -4180.034
772     -4178.644
773     -4175.630
774     -4167.753
775         0.000
776         0.000
777     -4169.924
778     -4171.933
779     -4168.197
780     -4166.705
781     -4172.663
782     -4178.179
783         0.000
784         0.000
785     -4171.571
786     -4174.109
787     -4172.901
788     -4171.119
789     -4176.331
790         0.000
791     -4173.129
792     -4169.470
793     -4172.009
794     -4164.688
795     -4168.733
796     -4169.842
797     -4178.194
798     -4166.209
799     -4175.170
800         0.000
801     -4178.264
802     -4171.252
803     -4171.433
804         0.000
805     -4166.470
806         0.000
807     -4176.524
808     -4172.581
809     -4169.195
810     -4171.392
811         0.000
812     -4170.594
813     -4173.522
814     -4164.188
815     -4175.449
816     -4168.343
817     -4178.159
818         0.000
819     -4174.142
820         0.000
821     -4163.119
822     -4181.770
823     -4174.142
824     -4177.346
825     -4175.825
826     -4165.380
827     -4166.091
828     -4168.816
829         0.000
830     -4169.997
831     -4169.561
832     -4164.103
833         0.000
834     -4162.522
835     -4172.983
836     -4168.239
837         0.000
838     -4166.099
839     -4175.469
840     -4166.578
841         0.000
842     -4174.142
843     -4169.665
844     -4170.304
845         0.000
846         0.000
847     -4169.840
848     -4167.269
849     -4163.643
850     -4170.513
851     -4168.747
852     -4167.784
853     -4171.775
854         0.000
855     -4167.835
856     -4168.671
857     -4166.394
858         0.000
859     -4176.603
860     -4168.321
861     -4172.737
862     -4166.653
863     -4177.571
864     -4168.852
865     -4168.972
866         0.000
867     -4168.171
868     -4169.812
869     -4169.021
870     -4170.217
871     -4167.639
872     -4174.718
873     -4164.118
874     -4168.467
875         0.000
876     -4161.416
877     -4175.892
878     -4166.092
879     -4170.576
880     -4173.844
881     -4169.970
882     -4166.923
883     -4170.469
884     -4178.917
885     -4175.460
886         0.000
887     -4165.380
888     -4172.211
889         0.000
890     -4177.820
891     -4170.651
892         0.000
893         0.000
894     -4166.760
895         0.000
896     -4168.678
897         0.000
898     -4177.265
899     -4173.269
900     -4174.280
901     -4172.054
902         0.000
903         0.000
904         0.000
905     -4177.373
906     -4170.691
907     -4166.863
908     -4171.252
909     -4176.349
910         0.000
911     -4172.571
912     -4170.607
913     -4173.064
914     -4171.394
915     -4169.350
916     -4176.773
917     -4175.330
918     -4173.342
919         0.000
920     -4179.572
921     -4160.913
922     -4177.008
923         0.000
924     -4175.239
925     -4173.433
926     -4175.379
927     -4163.773
928         0.000
929         0.000
930     -4174.193
931         0.000
932     -4177.008
933         0.000
934         0.000
935     -4169.106
936     -4173.660
937     -4164.717
938     -4164.662
939     -4180.066
940     -4175.025
941         0.000
942     -4186.624
943     -4177.511
944     -4168.306
945     -4170.726
946     -4175.168
947     -4167.669
948         0.000
949         0.000
950     -4169.634
951     -4169.001
952     -4170.230
953     -4168.614
954     -4173.280
955         0.000
956     -4171.321
957     -4169.834
958     -4168.037
959     -4171.184
960         0.000
961         0.000
962     -4172.265
963     -4171.537
964     -4173.301
965     -4173.404
966     -4172.724
967         0.000
968     -4164.785
969     -4174.784
970     -4165.768
971     -4176.210
972     -4178.237
973     -4175.208
974     -4176.273
975     -4161.391
976     -4173.607
977     -4164.950
978     -4169.543
979     -4172.029
980     -4165.463
981     -4171.336
982     -4173.037
983     -4181.558
984         0.000
985         0.000
986     -4175.145
987     -4182.642
988     -4169.076
989     -4169.741
990     -4172.126
991     -4169.715
992     -4165.074
993     -4168.527
994     -4169.428
995     -4171.678
996     -4171.143
997         0.000
998     -4171.607
999         0.000
1000    -4173.620
 [ reached 'max' / getOption("max.print") -- omitted 1000 rows ]

$sum_log_lik
[1] -164.3268

