
[1] "The taxa modelled are:"
 [1] "Ash"            "Beech"          "Birch"          "Chestnut"       "Hemlock"        "Hickory"        "Maple"         
 [8] "Oak"            "Other conifer"  "Other hardwood" "Pine"           "Spruce"         "Tamarack"      

[1] "Summary of posterior parameter vals:"
                   mean      2.5% 50%        97.5%    n_eff     Rhat
phi[1]      20.61690680  0.000000   0  86.83436500 3.759452 1.472421
phi[2]       8.17211580  0.000000   0  33.17628750 3.729952 1.478097
phi[3]      54.30762450  0.000000   0 216.30045000 3.719168 1.479798
phi[4]      14.70175555  0.000000   0  63.16928750 3.773145 1.470632
phi[5]      20.89335260  0.000000   0  85.01747250 3.729085 1.477673
phi[6]      19.39674070  0.000000   0  81.32140500 3.750936 1.474420
phi[7]       5.98185690  0.000000   0  24.85139000 3.741604 1.474951
phi[8]      14.98846920  0.000000   0  59.76577000 3.719119 1.479592
phi[9]       4.57937754  0.000000   0  20.91703750 3.859670 1.456069
phi[10]     31.68023025  0.000000   0 130.83912500 3.743410 1.475659
phi[11]     42.61317150  0.000000   0 174.88360000 3.739866 1.476088
phi[12]      8.07559630  0.000000   0  33.27895250 3.746254 1.474924
phi[13]     55.77986790  0.000000   0 272.59002500 3.984615 1.437429
psi          0.09352838  0.000000   0   0.38589495 3.733352 1.476181
gamma[1]     0.02118134  0.000000   0   0.13293195 5.224092 1.314939
gamma[2]     0.05397559  0.000000   0   0.25429457 3.966321 1.441177
gamma[3]     0.04837761  0.000000   0   0.22584320 3.913910 1.446707
gamma[4]     0.05244829  0.000000   0   0.25508307 3.998690 1.435172
gamma[5]     0.05425808  0.000000   0   0.24294177 3.837344 1.460511
gamma[6]     0.01878196  0.000000   0   0.10920245 4.690219 1.357407
gamma[7]     0.02838183  0.000000   0   0.17108117 4.894815 1.341161
gamma[8]     0.08517232  0.000000   0   0.35624145 3.750586 1.473164
gamma[9]     0.05657628  0.000000   0   0.31212735 4.328109 1.395091
gamma[10]    0.02256137  0.000000   0   0.12758405 4.449956 1.378092
gamma[11]    0.01566323  0.000000   0   0.07476442 3.991282 1.435365
gamma[12]    0.05374486  0.000000   0   0.27345352 4.108147 1.420051
gamma[13]    0.01254355  0.000000   0   0.09288917 6.389568 1.250886
mu_gamma    -0.48521318 -1.963832   0   0.00000000 3.750300 1.474814
sigma_gamma  0.27401330  0.000000   0   1.51756875 4.536855 1.374884

[1] "WAIC:"
$waic
[1] 65990.05

$p_waic
[1] 32959.95

$lppd
[1] -35.07117

$p_waic_1
[1] 2241.699

[1] "AIC:"
[1] 128.1423

[1] "Log likelihood"
$log_lik
       log_lik
1   -0.3188288
2   -0.3188288
3   -0.3188288
4   -0.3188288
5   -0.3188288
6   -0.3188288
7   -0.3188288
8   -0.3188288
9   -0.3188288
10  -0.3188288
11  -0.3188288
12  -0.3188288
13  -0.3188288
14  -0.3188288
15  -0.3188288
16  -0.3188288
17  -0.3188288
18  -0.3188288
19  -0.3188288
20  -0.3188288
21  -0.3188288
22  -0.3188288
23  -0.3188288
24  -0.3188288
25  -0.3188288
26  -0.3188288
27  -0.3188288
28  -0.3188288
29  -0.3188288
30  -0.3188288
31  -0.3188288
32  -0.3188288
33  -0.3188288
34  -0.3188288
35  -0.3188288
36  -0.3188288
37  -0.3188288
38  -0.3188288
39  -0.3188288
40  -0.3188288
41  -0.3188288
42  -0.3188288
43  -0.3188288
44  -0.3188288
45  -0.3188288
46  -0.3188288
47  -0.3188288
48  -0.3188288
49  -0.3188288
50  -0.3188288
51  -0.3188288
52  -0.3188288
53  -0.3188288
54  -0.3188288
55  -0.3188288
56  -0.3188288
57  -0.3188288
58  -0.3188288
59  -0.3188288
60  -0.3188288
61  -0.3188288
62  -0.3188288
63  -0.3188288
64  -0.3188288
65  -0.3188288
66  -0.3188288
67  -0.3188288
68  -0.3188288
69  -0.3188288
70  -0.3188288
71  -0.3188288
72  -0.3188288
73  -0.3188288
74  -0.3188288
75  -0.3188288
76  -0.3188288
77  -0.3188288
78  -0.3188288
79  -0.3188288
80  -0.3188288
81  -0.3188288
82  -0.3188288
83  -0.3188288
84  -0.3188288
85  -0.3188288
86  -0.3188288
87  -0.3188288
88  -0.3188288
89  -0.3188288
90  -0.3188288
91  -0.3188288
92  -0.3188288
93  -0.3188288
94  -0.3188288
95  -0.3188288
96  -0.3188288
97  -0.3188288
98  -0.3188288
99  -0.3188288
100 -0.3188288
101 -0.3188288
102 -0.3188288
103 -0.3188288
104 -0.3188288
105 -0.3188288
106 -0.3188288
107 -0.3188288
108 -0.3188288
109 -0.3188288
110 -0.3188288

$log_lik_iter
     log_lik_iter
1           0.000
2       -4235.827
3           0.000
4       -4240.685
5           0.000
6       -4234.963
7           0.000
8           0.000
9           0.000
10      -4234.264
11          0.000
12      -4237.351
13          0.000
14      -4234.344
15          0.000
16      -4231.751
17      -4239.689
18          0.000
19          0.000
20          0.000
21          0.000
22      -4234.305
23          0.000
24      -4227.816
25          0.000
26          0.000
27      -4236.359
28          0.000
29          0.000
30          0.000
31      -4225.997
32          0.000
33      -4242.844
34      -4233.899
35          0.000
36      -4231.584
37      -4234.665
38          0.000
39          0.000
40          0.000
41      -4236.893
42          0.000
43      -4234.084
44          0.000
45          0.000
46      -4230.513
47          0.000
48      -4229.043
49          0.000
50          0.000
51          0.000
52          0.000
53      -4235.761
54          0.000
55          0.000
56          0.000
57          0.000
58          0.000
59          0.000
60          0.000
61          0.000
62      -4230.838
63      -4233.102
64      -4229.990
65          0.000
66          0.000
67      -4237.300
68          0.000
69          0.000
70          0.000
71      -4229.029
72          0.000
73          0.000
74          0.000
75          0.000
76          0.000
77      -4230.849
78          0.000
79          0.000
80          0.000
81          0.000
82          0.000
83          0.000
84      -4239.004
85      -4240.315
86          0.000
87      -4234.233
88      -4238.314
89      -4233.306
90      -4229.662
91          0.000
92          0.000
93          0.000
94          0.000
95          0.000
96      -4239.172
97          0.000
98          0.000
99          0.000
100     -4236.069
101         0.000
102         0.000
103         0.000
104         0.000
105         0.000
106         0.000
107         0.000
108         0.000
109         0.000
110         0.000
111         0.000
112         0.000
113         0.000
114         0.000
115         0.000
116         0.000
117     -4233.540
118     -4242.368
119         0.000
120         0.000
121         0.000
122     -4226.549
123     -4231.245
124         0.000
125         0.000
126         0.000
127     -4237.930
128         0.000
129         0.000
130         0.000
131     -4241.009
132         0.000
133         0.000
134         0.000
135         0.000
136         0.000
137     -4232.436
138         0.000
139         0.000
140     -4236.621
141         0.000
142     -4229.895
143     -4232.180
144     -4230.293
145         0.000
146         0.000
147         0.000
148     -4243.374
149         0.000
150     -4232.447
151         0.000
152         0.000
153         0.000
154         0.000
155         0.000
156         0.000
157         0.000
158         0.000
159     -4231.280
160         0.000
161         0.000
162         0.000
163     -4229.884
164         0.000
165         0.000
166         0.000
167         0.000
168         0.000
169         0.000
170         0.000
171         0.000
172     -4234.012
173         0.000
174     -4240.709
175     -4233.655
176     -4241.175
177         0.000
178         0.000
179         0.000
180         0.000
181         0.000
182         0.000
183     -4236.927
184         0.000
185     -4233.174
186         0.000
187         0.000
188         0.000
189         0.000
190         0.000
191         0.000
192     -4228.068
193         0.000
194         0.000
195         0.000
196         0.000
197     -4228.348
198         0.000
199     -4233.286
200         0.000
201         0.000
202     -4231.823
203         0.000
204         0.000
205         0.000
206         0.000
207     -4233.201
208     -4233.657
209         0.000
210     -4238.938
211         0.000
212         0.000
213     -4233.634
214         0.000
215         0.000
216         0.000
217     -4236.999
218         0.000
219     -4231.752
220         0.000
221         0.000
222     -4239.521
223     -4239.563
224         0.000
225         0.000
226         0.000
227         0.000
228         0.000
229         0.000
230         0.000
231         0.000
232         0.000
233         0.000
234     -4230.608
235         0.000
236     -4230.102
237     -4236.583
238     -4230.658
239         0.000
240     -4235.029
241     -4230.888
242         0.000
243         0.000
244     -4235.777
245         0.000
246         0.000
247     -4233.915
248         0.000
249         0.000
250         0.000
251         0.000
252     -4240.832
253         0.000
254     -4232.764
255         0.000
256         0.000
257         0.000
258         0.000
259         0.000
260         0.000
261         0.000
262         0.000
263     -4228.248
264         0.000
265     -4235.183
266         0.000
267         0.000
268         0.000
269         0.000
270         0.000
271         0.000
272         0.000
273         0.000
274         0.000
275         0.000
276         0.000
277         0.000
278         0.000
279         0.000
280     -4228.396
281         0.000
282     -4234.100
283     -4232.368
284         0.000
285         0.000
286     -4235.660
287         0.000
288         0.000
289         0.000
290         0.000
291         0.000
292         0.000
293         0.000
294         0.000
295         0.000
296         0.000
297     -4229.910
298         0.000
299         0.000
300     -4230.908
301     -4242.779
302     -4229.296
303         0.000
304         0.000
305     -4238.935
306         0.000
307         0.000
308         0.000
309     -4237.721
310         0.000
311         0.000
312         0.000
313         0.000
314         0.000
315         0.000
316     -4233.211
317     -4238.832
318         0.000
319     -4234.373
320         0.000
321         0.000
322         0.000
323         0.000
324         0.000
325     -4232.387
326         0.000
327         0.000
328     -4237.646
329         0.000
330     -4227.672
331         0.000
332         0.000
333         0.000
334     -4234.572
335         0.000
336         0.000
337         0.000
338         0.000
339     -4237.790
340         0.000
341         0.000
342         0.000
343     -4234.292
344         0.000
345         0.000
346     -4235.097
347     -4240.706
348         0.000
349         0.000
350         0.000
351     -4233.516
352         0.000
353     -4234.146
354     -4237.017
355         0.000
356         0.000
357         0.000
358         0.000
359         0.000
360         0.000
361         0.000
362         0.000
363         0.000
364     -4240.922
365     -4234.236
366     -4234.126
367     -4237.805
368         0.000
369     -4240.969
370         0.000
371     -4234.793
372         0.000
373         0.000
374         0.000
375         0.000
376         0.000
377         0.000
378         0.000
379         0.000
380         0.000
381         0.000
382     -4235.098
383         0.000
384     -4232.673
385         0.000
386         0.000
387         0.000
388     -4232.795
389         0.000
390         0.000
391         0.000
392         0.000
393     -4231.376
394         0.000
395         0.000
396         0.000
397         0.000
398     -4236.008
399         0.000
400         0.000
401         0.000
402         0.000
403         0.000
404     -4234.624
405     -4229.961
406         0.000
407     -4235.760
408         0.000
409     -4234.702
410         0.000
411         0.000
412         0.000
413         0.000
414         0.000
415         0.000
416     -4226.126
417     -4231.608
418         0.000
419     -4234.414
420         0.000
421         0.000
422         0.000
423         0.000
424     -4233.441
425         0.000
426         0.000
427         0.000
428         0.000
429         0.000
430         0.000
431         0.000
432     -4236.859
433         0.000
434         0.000
435         0.000
436         0.000
437         0.000
438         0.000
439     -4230.861
440         0.000
441         0.000
442     -4231.706
443         0.000
444         0.000
445     -4234.945
446         0.000
447         0.000
448         0.000
449     -4232.452
450     -4237.114
451         0.000
452         0.000
453         0.000
454         0.000
455         0.000
456         0.000
457         0.000
458     -4230.574
459         0.000
460         0.000
461     -4229.450
462     -4230.928
463         0.000
464     -4235.161
465         0.000
466         0.000
467         0.000
468     -4233.165
469         0.000
470     -4237.321
471         0.000
472     -4235.314
473     -4240.432
474         0.000
475     -4240.205
476     -4230.176
477         0.000
478         0.000
479         0.000
480         0.000
481         0.000
482         0.000
483     -4229.341
484         0.000
485     -4231.894
486         0.000
487         0.000
488         0.000
489         0.000
490         0.000
491         0.000
492         0.000
493         0.000
494         0.000
495         0.000
496         0.000
497         0.000
498     -4234.498
499         0.000
500         0.000
501     -4234.027
502         0.000
503         0.000
504         0.000
505         0.000
506         0.000
507     -4237.211
508         0.000
509         0.000
510         0.000
511         0.000
512         0.000
513     -4237.256
514         0.000
515         0.000
516         0.000
517         0.000
518         0.000
519         0.000
520         0.000
521         0.000
522     -4229.797
523         0.000
524         0.000
525         0.000
526         0.000
527     -4230.277
528     -4230.581
529     -4235.288
530         0.000
531         0.000
532         0.000
533         0.000
534         0.000
535         0.000
536     -4230.878
537         0.000
538         0.000
539     -4234.705
540         0.000
541         0.000
542         0.000
543         0.000
544         0.000
545         0.000
546         0.000
547         0.000
548     -4240.985
549     -4233.384
550         0.000
551         0.000
552         0.000
553     -4240.649
554         0.000
555         0.000
556         0.000
557     -4234.721
558         0.000
559         0.000
560         0.000
561         0.000
562         0.000
563     -4235.561
564         0.000
565     -4232.528
566     -4235.943
567         0.000
568         0.000
569         0.000
570     -4231.753
571         0.000
572         0.000
573     -4237.441
574         0.000
575         0.000
576         0.000
577         0.000
578         0.000
579         0.000
580         0.000
581         0.000
582         0.000
583     -4234.694
584         0.000
585         0.000
586     -4234.076
587     -4234.913
588         0.000
589         0.000
590         0.000
591         0.000
592     -4231.454
593     -4237.432
594     -4229.638
595         0.000
596         0.000
597     -4234.657
598         0.000
599         0.000
600         0.000
601         0.000
602         0.000
603         0.000
604     -4234.364
605         0.000
606     -4233.741
607         0.000
608         0.000
609         0.000
610         0.000
611         0.000
612         0.000
613     -4230.796
614         0.000
615     -4237.554
616         0.000
617     -4238.991
618         0.000
619         0.000
620         0.000
621         0.000
622     -4234.554
623         0.000
624         0.000
625         0.000
626         0.000
627         0.000
628         0.000
629         0.000
630         0.000
631         0.000
632         0.000
633     -4235.505
634         0.000
635         0.000
636         0.000
637         0.000
638         0.000
639     -4232.225
640         0.000
641         0.000
642         0.000
643         0.000
644         0.000
645         0.000
646         0.000
647         0.000
648         0.000
649         0.000
650         0.000
651         0.000
652         0.000
653         0.000
654         0.000
655         0.000
656         0.000
657         0.000
658         0.000
659     -4231.079
660         0.000
661     -4233.051
662         0.000
663         0.000
664         0.000
665         0.000
666         0.000
667         0.000
668         0.000
669     -4234.857
670         0.000
671         0.000
672         0.000
673         0.000
674     -4231.267
675         0.000
676     -4234.587
677     -4235.205
678         0.000
679         0.000
680         0.000
681         0.000
682         0.000
683         0.000
684         0.000
685         0.000
686         0.000
687         0.000
688         0.000
689         0.000
690         0.000
691         0.000
692     -4235.705
693         0.000
694         0.000
695         0.000
696         0.000
697         0.000
698     -4238.764
699         0.000
700         0.000
701     -4233.456
702         0.000
703         0.000
704         0.000
705         0.000
706         0.000
707         0.000
708         0.000
709         0.000
710         0.000
711         0.000
712         0.000
713         0.000
714         0.000
715         0.000
716         0.000
717         0.000
718         0.000
719         0.000
720     -4234.884
721     -4229.781
722         0.000
723         0.000
724         0.000
725     -4233.017
726         0.000
727         0.000
728         0.000
729         0.000
730         0.000
731     -4230.011
732         0.000
733         0.000
734         0.000
735         0.000
736         0.000
737     -4235.770
738         0.000
739         0.000
740         0.000
741         0.000
742     -4235.456
743         0.000
744         0.000
745         0.000
746     -4229.006
747         0.000
748         0.000
749     -4232.254
750         0.000
751         0.000
752     -4239.675
753         0.000
754     -4236.045
755         0.000
756         0.000
757         0.000
758     -4232.808
759     -4237.548
760         0.000
761         0.000
762         0.000
763         0.000
764         0.000
765         0.000
766         0.000
767         0.000
768         0.000
769         0.000
770         0.000
771         0.000
772     -4229.035
773     -4237.843
774         0.000
775         0.000
776         0.000
777         0.000
778         0.000
779     -4234.930
780         0.000
781         0.000
782         0.000
783     -4228.143
784         0.000
785         0.000
786         0.000
787     -4237.917
788     -4242.331
789     -4229.101
790     -4232.474
791         0.000
792     -4232.703
793     -4239.068
794     -4243.722
795     -4238.488
796         0.000
797     -4236.344
798     -4239.493
799         0.000
800         0.000
801         0.000
802         0.000
803         0.000
804         0.000
805         0.000
806         0.000
807         0.000
808         0.000
809         0.000
810         0.000
811         0.000
812         0.000
813         0.000
814     -4228.031
815     -4235.024
816         0.000
817         0.000
818         0.000
819     -4236.600
820     -4241.617
821         0.000
822     -4237.269
823     -4238.989
824         0.000
825         0.000
826         0.000
827         0.000
828         0.000
829         0.000
830         0.000
831         0.000
832         0.000
833         0.000
834     -4243.909
835         0.000
836     -4228.989
837         0.000
838         0.000
839     -4227.724
840     -4227.618
841         0.000
842     -4227.074
843         0.000
844     -4232.069
845         0.000
846         0.000
847         0.000
848         0.000
849     -4239.407
850         0.000
851         0.000
852         0.000
853         0.000
854         0.000
855     -4239.712
856         0.000
857         0.000
858         0.000
859         0.000
860         0.000
861     -4231.508
862         0.000
863     -4228.466
864         0.000
865         0.000
866         0.000
867     -4235.847
868         0.000
869         0.000
870     -4228.125
871     -4234.818
872         0.000
873         0.000
874         0.000
875         0.000
876         0.000
877     -4231.763
878         0.000
879         0.000
880         0.000
881         0.000
882         0.000
883         0.000
884         0.000
885         0.000
886         0.000
887         0.000
888         0.000
889         0.000
890         0.000
891         0.000
892         0.000
893     -4231.824
894         0.000
895         0.000
896     -4228.370
897     -4236.177
898     -4229.824
899         0.000
900         0.000
901     -4234.933
902         0.000
903         0.000
904     -4233.329
905         0.000
906         0.000
907     -4235.809
908         0.000
909     -4240.649
910         0.000
911         0.000
912         0.000
913         0.000
914         0.000
915         0.000
916     -4231.168
917     -4229.870
918         0.000
919         0.000
920     -4234.044
921     -4232.857
922         0.000
923         0.000
924         0.000
925     -4230.175
926     -4229.905
927         0.000
928     -4237.973
929         0.000
930     -4233.104
931         0.000
932         0.000
933         0.000
934         0.000
935         0.000
936         0.000
937         0.000
938         0.000
939     -4231.350
940         0.000
941     -4239.239
942         0.000
943     -4228.413
944         0.000
945         0.000
946         0.000
947         0.000
948         0.000
949     -4232.566
950     -4233.543
951         0.000
952         0.000
953     -4237.622
954         0.000
955     -4242.051
956     -4240.384
957     -4230.438
958         0.000
959         0.000
960     -4232.569
961         0.000
962         0.000
963         0.000
964         0.000
965         0.000
966         0.000
967         0.000
968     -4232.355
969         0.000
970         0.000
971         0.000
972         0.000
973         0.000
974     -4236.976
975         0.000
976         0.000
977         0.000
978         0.000
979     -4238.087
980     -4233.873
981         0.000
982     -4232.605
983     -4229.585
984         0.000
985         0.000
986         0.000
987         0.000
988     -4234.751
989         0.000
990     -4234.119
991         0.000
992         0.000
993     -4233.287
994         0.000
995         0.000
996     -4232.153
997     -4236.797
998         0.000
999     -4236.196
1000    -4234.037
 [ reached 'max' / getOption("max.print") -- omitted 1000 rows ]

$sum_log_lik
[1] -35.07117

